Model                               ICEWS14                  ICEWS18                    GDELT                     YAGO
                       H@1     H@3       H@10     H@1     H@3       H@10     H@1     H@3       H@10     H@1     H@3       H@10
------------------------------------------------------------------------------------------------------------------------------
RE-GCN               0.313   0.473      0.626   0.223   0.367      0.525   0.084   0.171      0.299   0.468   0.607      0.729
xERTE                0.330   0.454      0.570   0.209   0.335      0.462   0.085   0.159      0.265   0.561   0.726      0.789
TANGO                0.272   0.408      0.550   0.191   0.318      0.462   0.094   0.189      0.322   0.566   0.651      0.718
TimeTraveler         0.319   0.454      0.575   0.212   0.325      0.439   0.112   0.186      0.285   0.604   0.770      0.831
TLogic               0.332   0.476      0.602   0.204   0.336      0.480   0.113   0.212      0.351   0.638   0.650      0.660
ICL                  0.344   0.464      0.523   0.164   0.302      0.382   0.090   0.172      0.242   0.738   0.807      0.823
GenTKG               0.364   0.476      0.532   0.200   0.329      0.395   0.099   0.193      0.280   0.746   0.804      0.821
RECIPE-TKG           0.393   0.526      0.651   0.224   0.369      0.516   0.095   0.192      0.327   0.811   0.880      0.930
D-RECIPE             0.412   0.548      0.681   0.239   0.386      0.543   0.103   0.207      0.349   0.832   0.897      0.945  ← D-RECIPE
